0.60490 0.71141 0.80839 0.89134 0.95799 1.00830 1.04397 1.06774 1.08261 1.09135 1.09618 1.09869 1.09991 1.09991 1.09991 1.09991 1.09991 1.09991 1.09991 1.09991 1.09991 1.09991 1.09991 1.09991 1.09991 1.09991 1.09991 1.09991 1.09991 1.09991 1.09991 1.09991 1.09991 1.09991 1.09991 1.09991 1.09991 1.09991 1.09991 1.09991 1.09991 1.09991 1.09991 1.09991 1.09991 1.09991 1.09991 1.09991 1.09991 1.09991 1.09991 1.09991 1.09991 1.09869 1.09618 1.09135 1.08261 1.06774 1.04397 1.00830 0.95799 0.89134 0.80839 0.71141 0.60490
0.71141 0.83667 0.95072 1.04828 1.12667 1.18584 1.22779 1.25574 1.27324 1.28352 1.28920 1.29214 1.29358 1.29358 1.29358 1.29358 1.29358 1.29358 1.29358 1.29358 1.29358 1.29358 1.29358 1.29358 1.29358 1.29358 1.29358 1.29358 1.29358 1.29358 1.29358 1.29358 1.29358 1.29358 1.29358 1.29358 1.29358 1.29358 1.29358 1.29358 1.29358 1.29358 1.29358 1.29358 1.29358 1.29358 1.29358 1.29358 1.29358 1.29358 1.29358 1.29358 1.29358 1.29214 1.28920 1.28352 1.27324 1.25574 1.22779 1.18584 1.12667 1.04828 0.95072 0.83667 0.71141
0.80839 0.95072 1.08033 1.19118 1.28025 1.34749 1.39516 1.42692 1.44680 1.45848 1.46494 1.46828 1.46992 1.46992 1.46992 1.46992 1.46992 1.46992 1.46992 1.46992 1.46992 1.46992 1.46992 1.46992 1.46992 1.46992 1.46992 1.46992 1.46992 1.46992 1.46992 1.46992 1.46992 1.46992 1.46992 1.46992 1.46992 1.46992 1.46992 1.46992 1.46992 1.46992 1.46992 1.46992 1.46992 1.46992 1.46992 1.46992 1.46992 1.46992 1.46992 1.46992 1.46992 1.46828 1.46494 1.45848 1.44680 1.42692 1.39516 1.34749 1.28025 1.19118 1.08033 0.95072 0.80839
0.89134 1.04828 1.19118 1.31341 1.41162 1.48575 1.53832 1.57334 1.59526 1.60814 1.61525 1.61895 1.62074 1.62074 1.62074 1.62074 1.62074 1.62074 1.62074 1.62074 1.62074 1.62074 1.62074 1.62074 1.62074 1.62074 1.62074 1.62074 1.62074 1.62074 1.62074 1.62074 1.62074 1.62074 1.62074 1.62074 1.62074 1.62074 1.62074 1.62074 1.62074 1.62074 1.62074 1.62074 1.62074 1.62074 1.62074 1.62074 1.62074 1.62074 1.62074 1.62074 1.62074 1.61895 1.61525 1.60814 1.59526 1.57334 1.53832 1.48575 1.41162 1.31341 1.19118 1.04828 0.89134
0.95799 1.12667 1.28025 1.41162 1.51718 1.59686 1.65336 1.69099 1.71455 1.72839 1.73604 1.74001 1.74194 1.74194 1.74194 1.74194 1.74194 1.74194 1.74194 1.74194 1.74194 1.74194 1.74194 1.74194 1.74194 1.74194 1.74194 1.74194 1.74194 1.74194 1.74194 1.74194 1.74194 1.74194 1.74194 1.74194 1.74194 1.74194 1.74194 1.74194 1.74194 1.74194 1.74194 1.74194 1.74194 1.74194 1.74194 1.74194 1.74194 1.74194 1.74194 1.74194 1.74194 1.74001 1.73604 1.72839 1.71455 1.69099 1.65336 1.59686 1.51718 1.41162 1.28025 1.12667 0.95799
1.00830 1.18584 1.34749 1.48575 1.59686 1.68072 1.74019 1.77980 1.80459 1.81916 1.82721 1.83139 1.83342 1.83342 1.83342 1.83342 1.83342 1.83342 1.83342 1.83342 1.83342 1.83342 1.83342 1.83342 1.83342 1.83342 1.83342 1.83342 1.83342 1.83342 1.83342 1.83342 1.83342 1.83342 1.83342 1.83342 1.83342 1.83342 1.83342 1.83342 1.83342 1.83342 1.83342 1.83342 1.83342 1.83342 1.83342 1.83342 1.83342 1.83342 1.83342 1.83342 1.83342 1.83139 1.82721 1.81916 1.80459 1.77980 1.74019 1.68072 1.59686 1.48575 1.34749 1.18584 1.00830
1.04397 1.22779 1.39516 1.53832 1.65336 1.74019 1.80176 1.84277 1.86844 1.88353 1.89186 1.89619 1.89829 1.89829 1.89829 1.89829 1.89829 1.89829 1.89829 1.89829 1.89829 1.89829 1.89829 1.89829 1.89829 1.89829 1.89829 1.89829 1.89829 1.89829 1.89829 1.89829 1.89829 1.89829 1.89829 1.89829 1.89829 1.89829 1.89829 1.89829 1.89829 1.89829 1.89829 1.89829 1.89829 1.89829 1.89829 1.89829 1.89829 1.89829 1.89829 1.89829 1.89829 1.89619 1.89186 1.88353 1.86844 1.84277 1.80176 1.74019 1.65336 1.53832 1.39516 1.22779 1.04397
1.06774 1.25574 1.42692 1.57334 1.69099 1.77980 1.84277 1.88472 1.91098 1.92641 1.93493 1.93935 1.94151 1.94151 1.94151 1.94151 1.94151 1.94151 1.94151 1.94151 1.94151 1.94151 1.94151 1.94151 1.94151 1.94151 1.94151 1.94151 1.94151 1.94151 1.94151 1.94151 1.94151 1.94151 1.94151 1.94151 1.94151 1.94151 1.94151 1.94151 1.94151 1.94151 1.94151 1.94151 1.94151 1.94151 1.94151 1.94151 1.94151 1.94151 1.94151 1.94151 1.94151 1.93935 1.93493 1.92641 1.91098 1.88472 1.84277 1.77980 1.69099 1.57334 1.42692 1.25574 1.06774
1.08261 1.27324 1.44680 1.59526 1.71455 1.80459 1.86844 1.91098 1.93759 1.95324 1.96188 1.96636 1.96855 1.96855 1.96855 1.96855 1.96855 1.96855 1.96855 1.96855 1.96855 1.96855 1.96855 1.96855 1.96855 1.96855 1.96855 1.96855 1.96855 1.96855 1.96855 1.96855 1.96855 1.96855 1.96855 1.96855 1.96855 1.96855 1.96855 1.96855 1.96855 1.96855 1.96855 1.96855 1.96855 1.96855 1.96855 1.96855 1.96855 1.96855 1.96855 1.96855 1.96855 1.96636 1.96188 1.95324 1.93759 1.91098 1.86844 1.80459 1.71455 1.59526 1.44680 1.27324 1.08261
1.09135 1.28352 1.45848 1.60814 1.72839 1.81916 1.88353 1.92641 1.95324 1.96901 1.97772 1.98224 1.98445 1.98445 1.98445 1.98445 1.98445 1.98445 1.98445 1.98445 1.98445 1.98445 1.98445 1.98445 1.98445 1.98445 1.98445 1.98445 1.98445 1.98445 1.98445 1.98445 1.98445 1.98445 1.98445 1.98445 1.98445 1.98445 1.98445 1.98445 1.98445 1.98445 1.98445 1.98445 1.98445 1.98445 1.98445 1.98445 1.98445 1.98445 1.98445 1.98445 1.98445 1.98224 1.97772 1.96901 1.95324 1.92641 1.88353 1.81916 1.72839 1.60814 1.45848 1.28352 1.09135
1.09618 1.28920 1.46494 1.61525 1.73604 1.82721 1.89186 1.93493 1.96188 1.97772 1.98647 1.99101 1.99323 1.99323 1.99323 1.99323 1.99323 1.99323 1.99323 1.99323 1.99323 1.99323 1.99323 1.99323 1.99323 1.99323 1.99323 1.99323 1.99323 1.99323 1.99323 1.99323 1.99323 1.99323 1.99323 1.99323 1.99323 1.99323 1.99323 1.99323 1.99323 1.99323 1.99323 1.99323 1.99323 1.99323 1.99323 1.99323 1.99323 1.99323 1.99323 1.99323 1.99323 1.99101 1.98647 1.97772 1.96188 1.93493 1.89186 1.82721 1.73604 1.61525 1.46494 1.28920 1.09618
1.09869 1.29214 1.46828 1.61895 1.74001 1.83139 1.89619 1.93935 1.96636 1.98224 1.99101 1.99556 1.99778 1.99778 1.99778 1.99778 1.99778 1.99778 1.99778 1.99778 1.99778 1.99778 1.99778 1.99778 1.99778 1.99778 1.99778 1.99778 1.99778 1.99778 1.99778 1.99778 1.99778 1.99778 1.99778 1.99778 1.99778 1.99778 1.99778 1.99778 1.99778 1.99778 1.99778 1.99778 1.99778 1.99778 1.99778 1.99778 1.99778 1.99778 1.99778 1.99778 1.99778 1.99556 1.99101 1.98224 1.96636 1.93935 1.89619 1.83139 1.74001 1.61895 1.46828 1.29214 1.09869
1.09991 1.29358 1.46992 1.62074 1.74194 1.83342 1.89829 1.94151 1.96855 1.98445 1.99323 1.99778 2.00000 2.00000 2.00000 2.00000 2.00000 2.00000 2.00000 2.00000 2.00000 2.00000 2.00000 2.00000 2.00000 2.00000 2.00000 2.00000 2.00000 2.00000 2.00000 2.00000 2.00000 2.00000 2.00000 2.00000 2.00000 2.00000 2.00000 2.00000 2.00000 2.00000 2.00000 2.00000 2.00000 2.00000 2.00000 2.00000 2.00000 2.00000 2.00000 2.00000 2.00000 1.99778 1.99323 1.98445 1.96855 1.94151 1.89829 1.83342 1.74194 1.62074 1.46992 1.29358 1.09991
1.09991 1.29358 1.46992 1.62074 1.74194 1.83342 1.89829 1.94151 1.96855 1.98445 1.99323 1.99778 2.00000 2.00000 2.00000 2.00000 2.00000 2.00000 2.00000 2.00000 2.00000 2.00000 2.00000 2.00000 2.00000 2.00000 2.00000 2.00000 2.00000 2.00000 2.00000 2.00000 2.00000 2.00000 2.00000 2.00000 2.00000 2.00000 2.00000 2.00000 2.00000 2.00000 2.00000 2.00000 2.00000 2.00000 2.00000 2.00000 2.00000 2.00000 2.00000 2.00000 2.00000 1.99778 1.99323 1.98445 1.96855 1.94151 1.89829 1.83342 1.74194 1.62074 1.46992 1.29358 1.09991
1.09991 1.29358 1.46992 1.62074 1.74194 1.83342 1.89829 1.94151 1.96855 1.98445 1.99323 1.99778 2.00000 2.00000 2.00000 2.00000 2.00000 2.00000 2.00000 2.00000 2.00000 2.00000 2.00000 2.00000 2.00000 2.00000 2.00000 2.00000 2.00000 2.00000 2.00000 2.00000 2.00000 2.00000 2.00000 2.00000 2.00000 2.00000 2.00000 2.00000 2.00000 2.00000 2.00000 2.00000 2.00000 2.00000 2.00000 2.00000 2.00000 2.00000 2.00000 2.00000 2.00000 1.99778 1.99323 1.98445 1.96855 1.94151 1.89829 1.83342 1.74194 1.62074 1.46992 1.29358 1.09991
1.09991 1.29358 1.46992 1.62074 1.74194 1.83342 1.89829 1.94151 1.96855 1.98445 1.99323 1.99778 2.00000 2.00000 2.00000 2.00000 2.00000 2.00000 2.00000 2.00000 2.00000 2.00000 2.00000 2.00000 2.00000 2.00000 2.00000 2.00000 2.00000 2.00000 2.00000 2.00000 2.00000 2.00000 2.00000 2.00000 2.00000 2.00000 2.00000 2.00000 2.00000 2.00000 2.00000 2.00000 2.00000 2.00000 2.00000 2.00000 2.00000 2.00000 2.00000 2.00000 2.00000 1.99778 1.99323 1.98445 1.96855 1.94151 1.89829 1.83342 1.74194 1.62074 1.46992 1.29358 1.09991
1.09991 1.29358 1.46992 1.62074 1.74194 1.83342 1.89829 1.94151 1.96855 1.98445 1.99323 1.99778 2.00000 2.00000 2.00000 2.00000 2.00000 2.00000 2.00000 2.00000 2.00000 2.00000 2.00000 2.00000 2.00000 2.00000 2.00000 2.00000 2.00000 2.00000 2.00000 2.00000 2.00000 2.00000 2.00000 2.00000 2.00000 2.00000 2.00000 2.00000 2.00000 2.00000 2.00000 2.00000 2.00000 2.00000 2.00000 2.00000 2.00000 2.00000 2.00000 2.00000 2.00000 1.99778 1.99323 1.98445 1.96855 1.94151 1.89829 1.83342 1.74194 1.62074 1.46992 1.29358 1.09991
1.09991 1.29358 1.46992 1.62074 1.74194 1.83342 1.89829 1.94151 1.96855 1.98445 1.99323 1.99778 2.00000 2.00000 2.00000 2.00000 2.00000 2.00000 2.00000 2.00000 2.00000 2.00000 2.00000 2.00000 2.00000 2.00000 2.00000 2.00000 2.00000 2.00000 2.00000 2.00000 2.00000 2.00000 2.00000 2.00000 2.00000 2.00000 2.00000 2.00000 2.00000 2.00000 2.00000 2.00000 2.00000 2.00000 2.00000 2.00000 2.00000 2.00000 2.00000 2.00000 2.00000 1.99778 1.99323 1.98445 1.96855 1.94151 1.89829 1.83342 1.74194 1.62074 1.46992 1.29358 1.09991
1.09991 1.29358 1.46992 1.62074 1.74194 1.83342 1.89829 1.94151 1.96855 1.98445 1.99323 1.99778 2.00000 2.00000 2.00000 2.00000 2.00000 2.00000 2.00000 2.00000 2.00000 2.00000 2.00000 2.00000 2.00000 2.00000 2.00000 2.00000 2.00000 2.00000 2.00000 2.00000 2.00000 2.00000 2.00000 2.00000 2.00000 2.00000 2.00000 2.00000 2.00000 2.00000 2.00000 2.00000 2.00000 2.00000 2.00000 2.00000 2.00000 2.00000 2.00000 2.00000 2.00000 1.99778 1.99323 1.98445 1.96855 1.94151 1.89829 1.83342 1.74194 1.62074 1.46992 1.29358 1.09991
1.09991 1.29358 1.46992 1.62074 1.74194 1.83342 1.89829 1.94151 1.96855 1.98445 1.99323 1.99778 2.00000 2.00000 2.00000 2.00000 2.00000 2.00000 2.00000 2.00000 2.00000 2.00000 2.00000 2.00000 2.00000 2.00000 2.00000 2.00000 2.00000 2.00000 2.00000 2.00000 2.00000 2.00000 2.00000 2.00000 2.00000 2.00000 2.00000 2.00000 2.00000 2.00000 2.00000 2.00000 2.00000 2.00000 2.00000 2.00000 2.00000 2.00000 2.00000 2.00000 2.00000 1.99778 1.99323 1.98445 1.96855 1.94151 1.89829 1.83342 1.74194 1.62074 1.46992 1.29358 1.09991
1.09991 1.29358 1.46992 1.62074 1.74194 1.83342 1.89829 1.94151 1.96855 1.98445 1.99323 1.99778 2.00000 2.00000 2.00000 2.00000 2.00000 2.00000 2.00000 2.00000 2.00000 2.00000 2.00000 2.00000 2.00000 2.00000 2.00000 2.00000 2.00000 2.00000 2.00000 2.00000 2.00000 2.00000 2.00000 2.00000 2.00000 2.00000 2.00000 2.00000 2.00000 2.00000 2.00000 2.00000 2.00000 2.00000 2.00000 2.00000 2.00000 2.00000 2.00000 2.00000 2.00000 1.99778 1.99323 1.98445 1.96855 1.94151 1.89829 1.83342 1.74194 1.62074 1.46992 1.29358 1.09991
1.09991 1.29358 1.46992 1.62074 1.74194 1.83342 1.89829 1.94151 1.96855 1.98445 1.99323 1.99778 2.00000 2.00000 2.00000 2.00000 2.00000 2.00000 2.00000 2.00000 2.00000 2.00000 2.00000 2.00000 2.00000 2.00000 2.00000 2.00000 2.00000 2.00000 2.00000 2.00000 2.00000 2.00000 2.00000 2.00000 2.00000 2.00000 2.00000 2.00000 2.00000 2.00000 2.00000 2.00000 2.00000 2.00000 2.00000 2.00000 2.00000 2.00000 2.00000 2.00000 2.00000 1.99778 1.99323 1.98445 1.96855 1.94151 1.89829 1.83342 1.74194 1.62074 1.46992 1.29358 1.09991
1.09991 1.29358 1.46992 1.62074 1.74194 1.83342 1.89829 1.94151 1.96855 1.98445 1.99323 1.99778 2.00000 2.00000 2.00000 2.00000 2.00000 2.00000 2.00000 2.00000 2.00000 2.00000 2.00000 2.00000 2.00000 2.00000 2.00000 2.00000 2.00000 2.00000 2.00000 2.00000 2.00000 2.00000 2.00000 2.00000 2.00000 2.00000 2.00000 2.00000 2.00000 2.00000 2.00000 2.00000 2.00000 2.00000 2.00000 2.00000 2.00000 2.00000 2.00000 2.00000 2.00000 1.99778 1.99323 1.98445 1.96855 1.94151 1.89829 1.83342 1.74194 1.62074 1.46992 1.29358 1.09991
1.09991 1.29358 1.46992 1.62074 1.74194 1.83342 1.89829 1.94151 1.96855 1.98445 1.99323 1.99778 2.00000 2.00000 2.00000 2.00000 2.00000 2.00000 2.00000 2.00000 2.00000 2.00000 2.00000 2.00000 2.00000 2.00000 2.00000 2.00000 2.00000 2.00000 2.00000 2.00000 2.00000 2.00000 2.00000 2.00000 2.00000 2.00000 2.00000 2.00000 2.00000 2.00000 2.00000 2.00000 2.00000 2.00000 2.00000 2.00000 2.00000 2.00000 2.00000 2.00000 2.00000 1.99778 1.99323 1.98445 1.96855 1.94151 1.89829 1.83342 1.74194 1.62074 1.46992 1.29358 1.09991
1.09991 1.29358 1.46992 1.62074 1.74194 1.83342 1.89829 1.94151 1.96855 1.98445 1.99323 1.99778 2.00000 2.00000 2.00000 2.00000 2.00000 2.00000 2.00000 2.00000 2.00000 2.00000 2.00000 2.00000 2.00000 2.00000 2.00000 2.00000 2.00000 2.00000 2.00000 2.00000 2.00000 2.00000 2.00000 2.00000 2.00000 2.00000 2.00000 2.00000 2.00000 2.00000 2.00000 2.00000 2.00000 2.00000 2.00000 2.00000 2.00000 2.00000 2.00000 2.00000 2.00000 1.99778 1.99323 1.98445 1.96855 1.94151 1.89829 1.83342 1.74194 1.62074 1.46992 1.29358 1.09991
1.09991 1.29358 1.46992 1.62074 1.74194 1.83342 1.89829 1.94151 1.96855 1.98445 1.99323 1.99778 2.00000 2.00000 2.00000 2.00000 2.00000 2.00000 2.00000 2.00000 2.00000 2.00000 2.00000 2.00000 2.00000 2.00000 2.00000 2.00000 2.00000 2.00000 2.00000 2.00000 2.00000 2.00000 2.00000 2.00000 2.00000 2.00000 2.00000 2.00000 2.00000 2.00000 2.00000 2.00000 2.00000 2.00000 2.00000 2.00000 2.00000 2.00000 2.00000 2.00000 2.00000 1.99778 1.99323 1.98445 1.96855 1.94151 1.89829 1.83342 1.74194 1.62074 1.46992 1.29358 1.09991
1.09991 1.29358 1.46992 1.62074 1.74194 1.83342 1.89829 1.94151 1.96855 1.98445 1.99323 1.99778 2.00000 2.00000 2.00000 2.00000 2.00000 2.00000 2.00000 2.00000 2.00000 2.00000 2.00000 2.00000 2.00000 2.00000 2.00000 2.00000 2.00000 2.00000 2.00000 2.00000 2.00000 2.00000 2.00000 2.00000 2.00000 2.00000 2.00000 2.00000 2.00000 2.00000 2.00000 2.00000 2.00000 2.00000 2.00000 2.00000 2.00000 2.00000 2.00000 2.00000 2.00000 1.99778 1.99323 1.98445 1.96855 1.94151 1.89829 1.83342 1.74194 1.62074 1.46992 1.29358 1.09991
1.09991 1.29358 1.46992 1.62074 1.74194 1.83342 1.89829 1.94151 1.96855 1.98445 1.99323 1.99778 2.00000 2.00000 2.00000 2.00000 2.00000 2.00000 2.00000 2.00000 2.00000 2.00000 2.00000 2.00000 2.00000 2.00000 2.00000 2.00000 2.00000 2.00000 2.00000 2.00000 2.00000 2.00000 2.00000 2.00000 2.00000 2.00000 2.00000 2.00000 2.00000 2.00000 2.00000 2.00000 2.00000 2.00000 2.00000 2.00000 2.00000 2.00000 2.00000 2.00000 2.00000 1.99778 1.99323 1.98445 1.96855 1.94151 1.89829 1.83342 1.74194 1.62074 1.46992 1.29358 1.09991
1.09991 1.29358 1.46992 1.62074 1.74194 1.83342 1.89829 1.94151 1.96855 1.98445 1.99323 1.99778 2.00000 2.00000 2.00000 2.00000 2.00000 2.00000 2.00000 2.00000 2.00000 2.00000 2.00000 2.00000 2.00000 2.00000 2.00000 2.00000 2.00000 2.00000 2.00000 2.00000 2.00000 2.00000 2.00000 2.00000 2.00000 2.00000 2.00000 2.00000 2.00000 2.00000 2.00000 2.00000 2.00000 2.00000 2.00000 2.00000 2.00000 2.00000 2.00000 2.00000 2.00000 1.99778 1.99323 1.98445 1.96855 1.94151 1.89829 1.83342 1.74194 1.62074 1.46992 1.29358 1.09991
1.09991 1.29358 1.46992 1.62074 1.74194 1.83342 1.89829 1.94151 1.96855 1.98445 1.99323 1.99778 2.00000 2.00000 2.00000 2.00000 2.00000 2.00000 2.00000 2.00000 2.00000 2.00000 2.00000 2.00000 2.00000 2.00000 2.00000 2.00000 2.00000 2.00000 2.00000 2.00000 2.00000 2.00000 2.00000 2.00000 2.00000 2.00000 2.00000 2.00000 2.00000 2.00000 2.00000 2.00000 2.00000 2.00000 2.00000 2.00000 2.00000 2.00000 2.00000 2.00000 2.00000 1.99778 1.99323 1.98445 1.96855 1.94151 1.89829 1.83342 1.74194 1.62074 1.46992 1.29358 1.09991
1.09991 1.29358 1.46992 1.62074 1.74194 1.83342 1.89829 1.94151 1.96855 1.98445 1.99323 1.99778 2.00000 2.00000 2.00000 2.00000 2.00000 2.00000 2.00000 2.00000 2.00000 2.00000 2.00000 2.00000 2.00000 2.00000 2.00000 2.00000 2.00000 2.00000 2.00000 2.00000 2.00000 2.00000 2.00000 2.00000 2.00000 2.00000 2.00000 2.00000 2.00000 2.00000 2.00000 2.00000 2.00000 2.00000 2.00000 2.00000 2.00000 2.00000 2.00000 2.00000 2.00000 1.99778 1.99323 1.98445 1.96855 1.94151 1.89829 1.83342 1.74194 1.62074 1.46992 1.29358 1.09991
1.09991 1.29358 1.46992 1.62074 1.74194 1.83342 1.89829 1.94151 1.96855 1.98445 1.99323 1.99778 2.00000 2.00000 2.00000 2.00000 2.00000 2.00000 2.00000 2.00000 2.00000 2.00000 2.00000 2.00000 2.00000 2.00000 2.00000 2.00000 2.00000 2.00000 2.00000 2.00000 2.00000 2.00000 2.00000 2.00000 2.00000 2.00000 2.00000 2.00000 2.00000 2.00000 2.00000 2.00000 2.00000 2.00000 2.00000 2.00000 2.00000 2.00000 2.00000 2.00000 2.00000 1.99778 1.99323 1.98445 1.96855 1.94151 1.89829 1.83342 1.74194 1.62074 1.46992 1.29358 1.09991
1.09991 1.29358 1.46992 1.62074 1.74194 1.83342 1.89829 1.94151 1.96855 1.98445 1.99323 1.99778 2.00000 2.00000 2.00000 2.00000 2.00000 2.00000 2.00000 2.00000 2.00000 2.00000 2.00000 2.00000 2.00000 2.00000 2.00000 2.00000 2.00000 2.00000 2.00000 2.00000 2.00000 2.00000 2.00000 2.00000 2.00000 2.00000 2.00000 2.00000 2.00000 2.00000 2.00000 2.00000 2.00000 2.00000 2.00000 2.00000 2.00000 2.00000 2.00000 2.00000 2.00000 1.99778 1.99323 1.98445 1.96855 1.94151 1.89829 1.83342 1.74194 1.62074 1.46992 1.29358 1.09991
1.09991 1.29358 1.46992 1.62074 1.74194 1.83342 1.89829 1.94151 1.96855 1.98445 1.99323 1.99778 2.00000 2.00000 2.00000 2.00000 2.00000 2.00000 2.00000 2.00000 2.00000 2.00000 2.00000 2.00000 2.00000 2.00000 2.00000 2.00000 2.00000 2.00000 2.00000 2.00000 2.00000 2.00000 2.00000 2.00000 2.00000 2.00000 2.00000 2.00000 2.00000 2.00000 2.00000 2.00000 2.00000 2.00000 2.00000 2.00000 2.00000 2.00000 2.00000 2.00000 2.00000 1.99778 1.99323 1.98445 1.96855 1.94151 1.89829 1.83342 1.74194 1.62074 1.46992 1.29358 1.09991
1.09991 1.29358 1.46992 1.62074 1.74194 1.83342 1.89829 1.94151 1.96855 1.98445 1.99323 1.99778 2.00000 2.00000 2.00000 2.00000 2.00000 2.00000 2.00000 2.00000 2.00000 2.00000 2.00000 2.00000 2.00000 2.00000 2.00000 2.00000 2.00000 2.00000 2.00000 2.00000 2.00000 2.00000 2.00000 2.00000 2.00000 2.00000 2.00000 2.00000 2.00000 2.00000 2.00000 2.00000 2.00000 2.00000 2.00000 2.00000 2.00000 2.00000 2.00000 2.00000 2.00000 1.99778 1.99323 1.98445 1.96855 1.94151 1.89829 1.83342 1.74194 1.62074 1.46992 1.29358 1.09991
1.09991 1.29358 1.46992 1.62074 1.74194 1.83342 1.89829 1.94151 1.96855 1.98445 1.99323 1.99778 2.00000 2.00000 2.00000 2.00000 2.00000 2.00000 2.00000 2.00000 2.00000 2.00000 2.00000 2.00000 2.00000 2.00000 2.00000 2.00000 2.00000 2.00000 2.00000 2.00000 2.00000 2.00000 2.00000 2.00000 2.00000 2.00000 2.00000 2.00000 2.00000 2.00000 2.00000 2.00000 2.00000 2.00000 2.00000 2.00000 2.00000 2.00000 2.00000 2.00000 2.00000 1.99778 1.99323 1.98445 1.96855 1.94151 1.89829 1.83342 1.74194 1.62074 1.46992 1.29358 1.09991
1.09991 1.29358 1.46992 1.62074 1.74194 1.83342 1.89829 1.94151 1.96855 1.98445 1.99323 1.99778 2.00000 2.00000 2.00000 2.00000 2.00000 2.00000 2.00000 2.00000 2.00000 2.00000 2.00000 2.00000 2.00000 2.00000 2.00000 2.00000 2.00000 2.00000 2.00000 2.00000 2.00000 2.00000 2.00000 2.00000 2.00000 2.00000 2.00000 2.00000 2.00000 2.00000 2.00000 2.00000 2.00000 2.00000 2.00000 2.00000 2.00000 2.00000 2.00000 2.00000 2.00000 1.99778 1.99323 1.98445 1.96855 1.94151 1.89829 1.83342 1.74194 1.62074 1.46992 1.29358 1.09991
1.09991 1.29358 1.46992 1.62074 1.74194 1.83342 1.89829 1.94151 1.96855 1.98445 1.99323 1.99778 2.00000 2.00000 2.00000 2.00000 2.00000 2.00000 2.00000 2.00000 2.00000 2.00000 2.00000 2.00000 2.00000 2.00000 2.00000 2.00000 2.00000 2.00000 2.00000 2.00000 2.00000 2.00000 2.00000 2.00000 2.00000 2.00000 2.00000 2.00000 2.00000 2.00000 2.00000 2.00000 2.00000 2.00000 2.00000 2.00000 2.00000 2.00000 2.00000 2.00000 2.00000 1.99778 1.99323 1.98445 1.96855 1.94151 1.89829 1.83342 1.74194 1.62074 1.46992 1.29358 1.09991
1.09991 1.29358 1.46992 1.62074 1.74194 1.83342 1.89829 1.94151 1.96855 1.98445 1.99323 1.99778 2.00000 2.00000 2.00000 2.00000 2.00000 2.00000 2.00000 2.00000 2.00000 2.00000 2.00000 2.00000 2.00000 2.00000 2.00000 2.00000 2.00000 2.00000 2.00000 2.00000 2.00000 2.00000 2.00000 2.00000 2.00000 2.00000 2.00000 2.00000 2.00000 2.00000 2.00000 2.00000 2.00000 2.00000 2.00000 2.00000 2.00000 2.00000 2.00000 2.00000 2.00000 1.99778 1.99323 1.98445 1.96855 1.94151 1.89829 1.83342 1.74194 1.62074 1.46992 1.29358 1.09991
1.09991 1.29358 1.46992 1.62074 1.74194 1.83342 1.89829 1.94151 1.96855 1.98445 1.99323 1.99778 2.00000 2.00000 2.00000 2.00000 2.00000 2.00000 2.00000 2.00000 2.00000 2.00000 2.00000 2.00000 2.00000 2.00000 2.00000 2.00000 2.00000 2.00000 2.00000 2.00000 2.00000 2.00000 2.00000 2.00000 2.00000 2.00000 2.00000 2.00000 2.00000 2.00000 2.00000 2.00000 2.00000 2.00000 2.00000 2.00000 2.00000 2.00000 2.00000 2.00000 2.00000 1.99778 1.99323 1.98445 1.96855 1.94151 1.89829 1.83342 1.74194 1.62074 1.46992 1.29358 1.09991
1.09991 1.29358 1.46992 1.62074 1.74194 1.83342 1.89829 1.94151 1.96855 1.98445 1.99323 1.99778 2.00000 2.00000 2.00000 2.00000 2.00000 2.00000 2.00000 2.00000 2.00000 2.00000 2.00000 2.00000 2.00000 2.00000 2.00000 2.00000 2.00000 2.00000 2.00000 2.00000 2.00000 2.00000 2.00000 2.00000 2.00000 2.00000 2.00000 2.00000 2.00000 2.00000 2.00000 2.00000 2.00000 2.00000 2.00000 2.00000 2.00000 2.00000 2.00000 2.00000 2.00000 1.99778 1.99323 1.98445 1.96855 1.94151 1.89829 1.83342 1.74194 1.62074 1.46992 1.29358 1.09991
1.09991 1.29358 1.46992 1.62074 1.74194 1.83342 1.89829 1.94151 1.96855 1.98445 1.99323 1.99778 2.00000 2.00000 2.00000 2.00000 2.00000 2.00000 2.00000 2.00000 2.00000 2.00000 2.00000 2.00000 2.00000 2.00000 2.00000 2.00000 2.00000 2.00000 2.00000 2.00000 2.00000 2.00000 2.00000 2.00000 2.00000 2.00000 2.00000 2.00000 2.00000 2.00000 2.00000 2.00000 2.00000 2.00000 2.00000 2.00000 2.00000 2.00000 2.00000 2.00000 2.00000 1.99778 1.99323 1.98445 1.96855 1.94151 1.89829 1.83342 1.74194 1.62074 1.46992 1.29358 1.09991
1.09991 1.29358 1.46992 1.62074 1.74194 1.83342 1.89829 1.94151 1.96855 1.98445 1.99323 1.99778 2.00000 2.00000 2.00000 2.00000 2.00000 2.00000 2.00000 2.00000 2.00000 2.00000 2.00000 2.00000 2.00000 2.00000 2.00000 2.00000 2.00000 2.00000 2.00000 2.00000 2.00000 2.00000 2.00000 2.00000 2.00000 2.00000 2.00000 2.00000 2.00000 2.00000 2.00000 2.00000 2.00000 2.00000 2.00000 2.00000 2.00000 2.00000 2.00000 2.00000 2.00000 1.99778 1.99323 1.98445 1.96855 1.94151 1.89829 1.83342 1.74194 1.62074 1.46992 1.29358 1.09991
1.09991 1.29358 1.46992 1.62074 1.74194 1.83342 1.89829 1.94151 1.96855 1.98445 1.99323 1.99778 2.00000 2.00000 2.00000 2.00000 2.00000 2.00000 2.00000 2.00000 2.00000 2.00000 2.00000 2.00000 2.00000 2.00000 2.00000 2.00000 2.00000 2.00000 2.00000 2.00000 2.00000 2.00000 2.00000 2.00000 2.00000 2.00000 2.00000 2.00000 2.00000 2.00000 2.00000 2.00000 2.00000 2.00000 2.00000 2.00000 2.00000 2.00000 2.00000 2.00000 2.00000 1.99778 1.99323 1.98445 1.96855 1.94151 1.89829 1.83342 1.74194 1.62074 1.46992 1.29358 1.09991
1.09991 1.29358 1.46992 1.62074 1.74194 1.83342 1.89829 1.94151 1.96855 1.98445 1.99323 1.99778 2.00000 2.00000 2.00000 2.00000 2.00000 2.00000 2.00000 2.00000 2.00000 2.00000 2.00000 2.00000 2.00000 2.00000 2.00000 2.00000 2.00000 2.00000 2.00000 2.00000 2.00000 2.00000 2.00000 2.00000 2.00000 2.00000 2.00000 2.00000 2.00000 2.00000 2.00000 2.00000 2.00000 2.00000 2.00000 2.00000 2.00000 2.00000 2.00000 2.00000 2.00000 1.99778 1.99323 1.98445 1.96855 1.94151 1.89829 1.83342 1.74194 1.62074 1.46992 1.29358 1.09991
1.09991 1.29358 1.46992 1.62074 1.74194 1.83342 1.89829 1.94151 1.96855 1.98445 1.99323 1.99778 2.00000 2.00000 2.00000 2.00000 2.00000 2.00000 2.00000 2.00000 2.00000 2.00000 2.00000 2.00000 2.00000 2.00000 2.00000 2.00000 2.00000 2.00000 2.00000 2.00000 2.00000 2.00000 2.00000 2.00000 2.00000 2.00000 2.00000 2.00000 2.00000 2.00000 2.00000 2.00000 2.00000 2.00000 2.00000 2.00000 2.00000 2.00000 2.00000 2.00000 2.00000 1.99778 1.99323 1.98445 1.96855 1.94151 1.89829 1.83342 1.74194 1.62074 1.46992 1.29358 1.09991
1.09991 1.29358 1.46992 1.62074 1.74194 1.83342 1.89829 1.94151 1.96855 1.98445 1.99323 1.99778 2.00000 2.00000 2.00000 2.00000 2.00000 2.00000 2.00000 2.00000 2.00000 2.00000 2.00000 2.00000 2.00000 2.00000 2.00000 2.00000 2.00000 2.00000 2.00000 2.00000 2.00000 2.00000 2.00000 2.00000 2.00000 2.00000 2.00000 2.00000 2.00000 2.00000 2.00000 2.00000 2.00000 2.00000 2.00000 2.00000 2.00000 2.00000 2.00000 2.00000 2.00000 1.99778 1.99323 1.98445 1.96855 1.94151 1.89829 1.83342 1.74194 1.62074 1.46992 1.29358 1.09991
1.09991 1.29358 1.46992 1.62074 1.74194 1.83342 1.89829 1.94151 1.96855 1.98445 1.99323 1.99778 2.00000 2.00000 2.00000 2.00000 2.00000 2.00000 2.00000 2.00000 2.00000 2.00000 2.00000 2.00000 2.00000 2.00000 2.00000 2.00000 2.00000 2.00000 2.00000 2.00000 2.00000 2.00000 2.00000 2.00000 2.00000 2.00000 2.00000 2.00000 2.00000 2.00000 2.00000 2.00000 2.00000 2.00000 2.00000 2.00000 2.00000 2.00000 2.00000 2.00000 2.00000 1.99778 1.99323 1.98445 1.96855 1.94151 1.89829 1.83342 1.74194 1.62074 1.46992 1.29358 1.09991
1.09991 1.29358 1.46992 1.62074 1.74194 1.83342 1.89829 1.94151 1.96855 1.98445 1.99323 1.99778 2.00000 2.00000 2.00000 2.00000 2.00000 2.00000 2.00000 2.00000 2.00000 2.00000 2.00000 2.00000 2.00000 2.00000 2.00000 2.00000 2.00000 2.00000 2.00000 2.00000 2.00000 2.00000 2.00000 2.00000 2.00000 2.00000 2.00000 2.00000 2.00000 2.00000 2.00000 2.00000 2.00000 2.00000 2.00000 2.00000 2.00000 2.00000 2.00000 2.00000 2.00000 1.99778 1.99323 1.98445 1.96855 1.94151 1.89829 1.83342 1.74194 1.62074 1.46992 1.29358 1.09991
1.09991 1.29358 1.46992 1.62074 1.74194 1.83342 1.89829 1.94151 1.96855 1.98445 1.99323 1.99778 2.00000 2.00000 2.00000 2.00000 2.00000 2.00000 2.00000 2.00000 2.00000 2.00000 2.00000 2.00000 2.00000 2.00000 2.00000 2.00000 2.00000 2.00000 2.00000 2.00000 2.00000 2.00000 2.00000 2.00000 2.00000 2.00000 2.00000 2.00000 2.00000 2.00000 2.00000 2.00000 2.00000 2.00000 2.00000 2.00000 2.00000 2.00000 2.00000 2.00000 2.00000 1.99778 1.99323 1.98445 1.96855 1.94151 1.89829 1.83342 1.74194 1.62074 1.46992 1.29358 1.09991
1.09991 1.29358 1.46992 1.62074 1.74194 1.83342 1.89829 1.94151 1.96855 1.98445 1.99323 1.99778 2.00000 2.00000 2.00000 2.00000 2.00000 2.00000 2.00000 2.00000 2.00000 2.00000 2.00000 2.00000 2.00000 2.00000 2.00000 2.00000 2.00000 2.00000 2.00000 2.00000 2.00000 2.00000 2.00000 2.00000 2.00000 2.00000 2.00000 2.00000 2.00000 2.00000 2.00000 2.00000 2.00000 2.00000 2.00000 2.00000 2.00000 2.00000 2.00000 2.00000 2.00000 1.99778 1.99323 1.98445 1.96855 1.94151 1.89829 1.83342 1.74194 1.62074 1.46992 1.29358 1.09991
1.09991 1.29358 1.46992 1.62074 1.74194 1.83342 1.89829 1.94151 1.96855 1.98445 1.99323 1.99778 2.00000 2.00000 2.00000 2.00000 2.00000 2.00000 2.00000 2.00000 2.00000 2.00000 2.00000 2.00000 2.00000 2.00000 2.00000 2.00000 2.00000 2.00000 2.00000 2.00000 2.00000 2.00000 2.00000 2.00000 2.00000 2.00000 2.00000 2.00000 2.00000 2.00000 2.00000 2.00000 2.00000 2.00000 2.00000 2.00000 2.00000 2.00000 2.00000 2.00000 2.00000 1.99778 1.99323 1.98445 1.96855 1.94151 1.89829 1.83342 1.74194 1.62074 1.46992 1.29358 1.09991
1.09991 1.29358 1.46992 1.62074 1.74194 1.83342 1.89829 1.94151 1.96855 1.98445 1.99323 1.99778 2.00000 2.00000 2.00000 2.00000 2.00000 2.00000 2.00000 2.00000 2.00000 2.00000 2.00000 2.00000 2.00000 2.00000 2.00000 2.00000 2.00000 2.00000 2.00000 2.00000 2.00000 2.00000 2.00000 2.00000 2.00000 2.00000 2.00000 2.00000 2.00000 2.00000 2.00000 2.00000 2.00000 2.00000 2.00000 2.00000 2.00000 2.00000 2.00000 2.00000 2.00000 1.99778 1.99323 1.98445 1.96855 1.94151 1.89829 1.83342 1.74194 1.62074 1.46992 1.29358 1.09991
1.09869 1.29214 1.46828 1.61895 1.74001 1.83139 1.89619 1.93935 1.96636 1.98224 1.99101 1.99556 1.99778 1.99778 1.99778 1.99778 1.99778 1.99778 1.99778 1.99778 1.99778 1.99778 1.99778 1.99778 1.99778 1.99778 1.99778 1.99778 1.99778 1.99778 1.99778 1.99778 1.99778 1.99778 1.99778 1.99778 1.99778 1.99778 1.99778 1.99778 1.99778 1.99778 1.99778 1.99778 1.99778 1.99778 1.99778 1.99778 1.99778 1.99778 1.99778 1.99778 1.99778 1.99556 1.99101 1.98224 1.96636 1.93935 1.89619 1.83139 1.74001 1.61895 1.46828 1.29214 1.09869
1.09618 1.28920 1.46494 1.61525 1.73604 1.82721 1.89186 1.93493 1.96188 1.97772 1.98647 1.99101 1.99323 1.99323 1.99323 1.99323 1.99323 1.99323 1.99323 1.99323 1.99323 1.99323 1.99323 1.99323 1.99323 1.99323 1.99323 1.99323 1.99323 1.99323 1.99323 1.99323 1.99323 1.99323 1.99323 1.99323 1.99323 1.99323 1.99323 1.99323 1.99323 1.99323 1.99323 1.99323 1.99323 1.99323 1.99323 1.99323 1.99323 1.99323 1.99323 1.99323 1.99323 1.99101 1.98647 1.97772 1.96188 1.93493 1.89186 1.82721 1.73604 1.61525 1.46494 1.28920 1.09618
1.09135 1.28352 1.45848 1.60814 1.72839 1.81916 1.88353 1.92641 1.95324 1.96901 1.97772 1.98224 1.98445 1.98445 1.98445 1.98445 1.98445 1.98445 1.98445 1.98445 1.98445 1.98445 1.98445 1.98445 1.98445 1.98445 1.98445 1.98445 1.98445 1.98445 1.98445 1.98445 1.98445 1.98445 1.98445 1.98445 1.98445 1.98445 1.98445 1.98445 1.98445 1.98445 1.98445 1.98445 1.98445 1.98445 1.98445 1.98445 1.98445 1.98445 1.98445 1.98445 1.98445 1.98224 1.97772 1.96901 1.95324 1.92641 1.88353 1.81916 1.72839 1.60814 1.45848 1.28352 1.09135
1.08261 1.27324 1.44680 1.59526 1.71455 1.80459 1.86844 1.91098 1.93759 1.95324 1.96188 1.96636 1.96855 1.96855 1.96855 1.96855 1.96855 1.96855 1.96855 1.96855 1.96855 1.96855 1.96855 1.96855 1.96855 1.96855 1.96855 1.96855 1.96855 1.96855 1.96855 1.96855 1.96855 1.96855 1.96855 1.96855 1.96855 1.96855 1.96855 1.96855 1.96855 1.96855 1.96855 1.96855 1.96855 1.96855 1.96855 1.96855 1.96855 1.96855 1.96855 1.96855 1.96855 1.96636 1.96188 1.95324 1.93759 1.91098 1.86844 1.80459 1.71455 1.59526 1.44680 1.27324 1.08261
1.06774 1.25574 1.42692 1.57334 1.69099 1.77980 1.84277 1.88472 1.91098 1.92641 1.93493 1.93935 1.94151 1.94151 1.94151 1.94151 1.94151 1.94151 1.94151 1.94151 1.94151 1.94151 1.94151 1.94151 1.94151 1.94151 1.94151 1.94151 1.94151 1.94151 1.94151 1.94151 1.94151 1.94151 1.94151 1.94151 1.94151 1.94151 1.94151 1.94151 1.94151 1.94151 1.94151 1.94151 1.94151 1.94151 1.94151 1.94151 1.94151 1.94151 1.94151 1.94151 1.94151 1.93935 1.93493 1.92641 1.91098 1.88472 1.84277 1.77980 1.69099 1.57334 1.42692 1.25574 1.06774
1.04397 1.22779 1.39517 1.53832 1.65336 1.74019 1.80176 1.84277 1.86844 1.88353 1.89186 1.89619 1.89829 1.89829 1.89829 1.89829 1.89829 1.89829 1.89829 1.89829 1.89829 1.89829 1.89829 1.89829 1.89829 1.89829 1.89829 1.89829 1.89829 1.89829 1.89829 1.89829 1.89829 1.89829 1.89829 1.89829 1.89829 1.89829 1.89829 1.89829 1.89829 1.89829 1.89829 1.89829 1.89829 1.89829 1.89829 1.89829 1.89829 1.89829 1.89829 1.89829 1.89829 1.89619 1.89186 1.88353 1.86844 1.84277 1.80176 1.74019 1.65336 1.53832 1.39517 1.22779 1.04397
1.00830 1.18584 1.34749 1.48575 1.59686 1.68072 1.74019 1.77980 1.80459 1.81916 1.82721 1.83139 1.83342 1.83342 1.83342 1.83342 1.83342 1.83342 1.83342 1.83342 1.83342 1.83342 1.83342 1.83342 1.83342 1.83342 1.83342 1.83342 1.83342 1.83342 1.83342 1.83342 1.83342 1.83342 1.83342 1.83342 1.83342 1.83342 1.83342 1.83342 1.83342 1.83342 1.83342 1.83342 1.83342 1.83342 1.83342 1.83342 1.83342 1.83342 1.83342 1.83342 1.83342 1.83139 1.82721 1.81916 1.80459 1.77980 1.74019 1.68072 1.59686 1.48575 1.34749 1.18584 1.00830
0.95799 1.12667 1.28025 1.41162 1.51718 1.59686 1.65336 1.69099 1.71455 1.72839 1.73604 1.74001 1.74194 1.74194 1.74194 1.74194 1.74194 1.74194 1.74194 1.74194 1.74194 1.74194 1.74194 1.74194 1.74194 1.74194 1.74194 1.74194 1.74194 1.74194 1.74194 1.74194 1.74194 1.74194 1.74194 1.74194 1.74194 1.74194 1.74194 1.74194 1.74194 1.74194 1.74194 1.74194 1.74194 1.74194 1.74194 1.74194 1.74194 1.74194 1.74194 1.74194 1.74194 1.74001 1.73604 1.72839 1.71455 1.69099 1.65336 1.59686 1.51718 1.41162 1.28025 1.12667 0.95799
0.89134 1.04828 1.19118 1.31341 1.41162 1.48575 1.53832 1.57334 1.59526 1.60814 1.61525 1.61895 1.62074 1.62074 1.62074 1.62074 1.62074 1.62074 1.62074 1.62074 1.62074 1.62074 1.62074 1.62074 1.62074 1.62074 1.62074 1.62074 1.62074 1.62074 1.62074 1.62074 1.62074 1.62074 1.62074 1.62074 1.62074 1.62074 1.62074 1.62074 1.62074 1.62074 1.62074 1.62074 1.62074 1.62074 1.62074 1.62074 1.62074 1.62074 1.62074 1.62074 1.62074 1.61895 1.61525 1.60814 1.59526 1.57334 1.53832 1.48575 1.41162 1.31341 1.19118 1.04828 0.89134
0.80839 0.95072 1.08033 1.19118 1.28025 1.34749 1.39517 1.42693 1.44680 1.45848 1.46494 1.46828 1.46992 1.46992 1.46992 1.46992 1.46992 1.46992 1.46992 1.46992 1.46992 1.46992 1.46992 1.46992 1.46992 1.46992 1.46992 1.46992 1.46992 1.46992 1.46992 1.46992 1.46992 1.46992 1.46992 1.46992 1.46992 1.46992 1.46992 1.46992 1.46992 1.46992 1.46992 1.46992 1.46992 1.46992 1.46992 1.46992 1.46992 1.46992 1.46992 1.46992 1.46992 1.46828 1.46494 1.45848 1.44680 1.42693 1.39517 1.34749 1.28025 1.19118 1.08033 0.95072 0.80839
0.71141 0.83667 0.95072 1.04828 1.12667 1.18584 1.22779 1.25574 1.27324 1.28352 1.28920 1.29214 1.29358 1.29358 1.29358 1.29358 1.29358 1.29358 1.29358 1.29358 1.29358 1.29358 1.29358 1.29358 1.29358 1.29358 1.29358 1.29358 1.29358 1.29358 1.29358 1.29358 1.29358 1.29358 1.29358 1.29358 1.29358 1.29358 1.29358 1.29358 1.29358 1.29358 1.29358 1.29358 1.29358 1.29358 1.29358 1.29358 1.29358 1.29358 1.29358 1.29358 1.29358 1.29214 1.28920 1.28352 1.27324 1.25574 1.22779 1.18584 1.12667 1.04828 0.95072 0.83667 0.71141
0.60490 0.71141 0.80839 0.89134 0.95799 1.00830 1.04397 1.06774 1.08261 1.09135 1.09618 1.09869 1.09991 1.09991 1.09991 1.09991 1.09991 1.09991 1.09991 1.09991 1.09991 1.09991 1.09991 1.09991 1.09991 1.09991 1.09991 1.09991 1.09991 1.09991 1.09991 1.09991 1.09991 1.09991 1.09991 1.09991 1.09991 1.09991 1.09991 1.09991 1.09991 1.09991 1.09991 1.09991 1.09991 1.09991 1.09991 1.09991 1.09991 1.09991 1.09991 1.09991 1.09991 1.09869 1.09618 1.09135 1.08261 1.06774 1.04397 1.00830 0.95799 0.89134 0.80839 0.71141 0.60490